008 1 1 1 --
033 1 1 0 
015 1 0 0 1
027 1 1 0 
006 0 1 0 
015 0 0 0 0
032 0 1 0 
014 0 0 0 0
060 0 1 0 
015 0 0 0 0
032 0 1 0 
014 0 0 0 0
028 0 1 0 
003 1 1 0 
016 1 0 0 1
026 1 1 0 
006 0 1 0 
016 0 0 0 0
027 0 1 0 
003 1 1 0 
015 1 0 0 1
026 1 1 0 
006 0 1 0 
015 0 0 0 0
032 0 1 0 
015 0 0 0 0
028 0 1 0 
003 1 1 0 
016 1 0 0 1
026 1 1 0 
006 0 1 0 
015 0 0 0 0
027 0 1 0 
205 0 1 1 --
031 0 1 0 
003 1 1 0 
015 1 0 0 1
026 1 1 0 
004 0 1 0 
015 0 0 0 0
031 0 1 0 
014 0 0 0 0
058 0 1 0 
015 0 0 0 0
030 0 1 0 
014 0 0 0 0
031 0 1 0 
015 0 0 0 0
031 0 1 0 
001 0 0 0 ?
026 0 1 0 
015 0 0 0 0
029 0 1 0 
014 0 0 0 0
027 0 1 0 
002 1 1 0 
015 1 0 0 1
025 1 1 0 
005 0 1 0 
015 0 0 0 0
026 0 1 0 
184 0 1 1 --
030 0 1 0 
003 1 1 0 
015 1 0 0 1
025 1 1 0 
005 0 1 0 
015 0 0 0 0
030 0 1 0 
014 0 0 0 0
057 0 1 0 
015 0 0 0 0
030 0 1 0 
015 0 0 0 0
031 0 1 0 
014 0 0 0 0
031 0 1 0 
014 0 0 0 0
031 0 1 0 
014 0 0 0 0
018 0 1 0 
015 0 0 0 0
027 0 1 0 
002 1 1 0 
015 1 0 0 1
029 1 1 0 
015 1 0 0 1
025 1 1 0 
005 0 1 0 
015 0 0 0 0
026 0 1 0 
198 0 1 1 --
031 0 1 0 
003 1 1 0 
014 1 0 0 1
026 1 1 0 
005 0 1 0 
015 0 0 0 0
016 0 1 0 
003 1 1 0 
015 1 0 0 1
057 1 1 0 
006 0 1 0 
015 0 0 0 0
026 0 1 0 
003 1 1 0 
014 1 0 0 1
030 1 1 0 
014 1 0 0 1
025 1 1 0 
006 0 1 0 
015 0 0 0 0
031 0 1 0 
014 0 0 0 0
031 0 1 0 
014 0 0 0 0
090 0 1 0 
002 1 1 0 
015 1 0 0 1
030 1 1 0 
015 1 0 0 1
030 1 1 0 
014 1 0 0 1
021 1 1 0 
013 1 0 0 1
112 1 1 0 
006 0 1 0 
015 0 0 0 0
027 0 1 0 
003 1 1 0 
014 1 0 0 1
026 1 1 0 
006 0 1 0 
014 0 0 0 0
017 0 1 0 
003 1 1 0 
014 1 0 0 1
117 1 1 0 
015 1 0 0 1
030 1 1 0 
014 1 0 0 1
030 1 1 0 
004 1 0 0 ?
030 1 1 0 
014 1 0 0 1
117 1 1 0 
014 1 0 0 1
030 1 1 0 
015 1 0 0 1
026 1 1 0 
006 0 1 0 
014 0 0 0 0
027 0 1 0 
003 1 1 0 
015 1 0 0 1
116 1 1 0 
015 1 0 0 1
030 1 1 0 
015 1 0 0 1
029 1 1 0 
015 1 0 0 1
019 1 1 0 
015 1 0 0 1
112 1 1 0 
006 0 1 0 
014 0 0 0 0
028 0 1 0 
002 1 1 0 
015 1 0 0 1
026 1 1 0 
005 0 1 0 
011 0 0 0 0
020 0 1 0 
003 1 1 0 
014 1 0 0 1
113 1 1 0 
005 0 1 0 
015 0 0 0 0
031 0 1 0 
015 0 0 0 0
024 0 1 0 
011 0 0 0 0
031 0 1 0 
015 0 0 0 0
118 0 1 0 
014 0 0 0 0
032 0 1 0 
014 0 0 0 0
032 0 1 0 
014 0 0 0 0
032 0 1 0 
014 0 0 0 0
063 0 1 0 
