011 1 1 1
033 1 1 0
015 1 0 0
026 1 1 0
006 0 1 0
016 0 0 0
031 0 1 0
015 0 0 0
060 0 1 0
015 0 0 0
032 0 1 0
015 0 0 0
028 0 1 0
002 1 1 0
016 1 0 0
026 1 1 0
006 0 1 0
016 0 0 0
027 0 1 0
003 1 1 0
015 1 0 0
026 1 1 0
006 0 1 0
015 0 0 0
032 0 1 0
015 0 0 0
028 0 1 0
003 1 1 0
014 1 0 0
026 1 1 0
006 0 1 0
015 0 0 0
028 0 1 0
203 0 1 1
033 0 1 0
002 1 1 0
016 1 0 0
026 1 1 0
005 0 1 0
015 0 0 0
031 0 1 0
014 0 0 0
057 0 1 0
014 0 0 0
032 0 1 0
013 0 0 0
031 0 1 0
015 0 0 0
030 0 1 0
015 0 0 0
028 0 1 0
015 0 0 0
031 0 1 0
014 0 0 0
030 0 1 0
014 0 0 0
027 0 1 0
002 1 1 0
015 1 0 0
025 1 1 0
006 0 1 0
015 0 0 0
025 0 1 0
189 0 1 1
030 0 1 0
003 1 1 0
014 1 0 0
024 1 1 0
006 0 1 0
014 0 0 0
029 0 1 0
014 0 0 0
056 0 1 0
015 0 0 0
029 0 1 0
014 0 0 0
030 0 1 0
014 0 0 0
030 0 1 0
014 0 0 0
029 0 1 0
014 0 0 0
030 0 1 0
014 0 0 0
026 0 1 0
002 1 1 0
015 1 0 0
028 1 1 0
014 1 0 0
024 1 1 0
006 0 1 0
014 0 0 0
026 0 1 0
203 0 1 1
029 0 1 0
003 1 1 0
013 1 0 0
024 1 1 0
006 0 1 0
013 0 0 0
026 0 1 0
003 1 1 0
014 1 0 0
056 1 1 0
005 0 1 0
014 0 0 0
026 0 1 0
003 1 1 0
014 1 0 0
028 1 1 0
014 1 0 0
024 1 1 0
006 0 1 0
014 0 0 0
029 0 1 0
015 0 0 0
030 0 1 0
014 0 0 0
087 0 1 0
002 1 1 0
015 1 0 0
029 1 1 0
014 1 0 0
029 1 1 0
014 1 0 0
028 1 1 0
015 1 0 0
106 1 1 0
006 0 1 0
014 0 0 0
027 0 1 0
003 1 1 0
013 1 0 0
024 1 1 0
005 0 1 0
015 0 0 0
027 0 1 0
002 1 1 0
015 1 0 0
112 1 1 0
015 1 0 0
029 1 1 0
014 1 0 0
028 1 1 0
014 1 0 0
029 1 1 0
015 1 0 0
112 1 1 0
015 1 0 0
028 1 1 0
014 1 0 0
025 1 1 0
006 0 1 0
014 0 0 0
026 0 1 0
003 1 1 0
012 1 0 0
108 1 1 0
005 0 1 0
014 0 0 0
027 0 1 0
002 1 1 0
015 1 0 0
029 1 1 0
014 1 0 0
024 1 1 0
006 0 1 0
014 0 0 0
114 0 1 0
015 0 0 0
030 0 1 0
014 0 0 0
031 0 1 0
013 0 0 0
031 0 1 0
014 0 0 0
115 0 1 0
014 0 0 0
030 0 1 0
013 0 0 0
031 0 1 0
014 0 0 0
029 0 1 0
013 0 0 0
114 0 1 0
014 0 0 0
030 0 1 0
015 0 0 0
030 0 1 0
015 0 0 0
030 0 1 0
014 0 0 0
061 0 1 0
863 0 1 1
